0.0502204
-0.0175007
-0.0275428
0.0600668
0.00612459
0.0605428
0.009256
0.0142989
0.0765125
0.103079
-0.0307083
-0.0419705
0.0652263
-0.0134677
0.110238
0.0115951
0.0169545
0.0967419
0.0464946
-0.0275322
-0.0299416
0.0787025
0.047128
0.0155633
-0.02837
-0.00553124
0.0499805
0.0655667
-0.0313457
-0.044388
0.0959614
0.0296622
0.0510439
-0.0305075
-0.0138715
0.0380016
0.0518037
-0.0207286
0.0177519
0.0329622
-0.0563692
0.0584294
-0.0318629
0.00760041
0.0859097
0.0535113
0.0168593
0.0348059
0.0612064
-0.0487141
0.0320216
-0.0102757
0.0382229
0.0865282
0.0395817
-0.0349849
-0.0017369
0.0228648
0.0211007
0.037996
-0.0596546
-0.0153735
0.0427396
0.0690638
-0.0113384
-0.025068
0.0672517
0.0513563
0.021469
-0.026266
-0.0144723
0.0519017
0.0237401
0.0332344
0.0281933
0.0530389
-0.02146
0.0573848
0.0108025
0.0429413
0.0249188
0.0583509
0.0342562
0.0307357
0.0634635
-0.0480378
0.0720379
0.0334796
0.0400414
0.0331733
-0.00551932
0.0237168
-0.000360202
0.0224321
0.0589075
0.0387814
0.0279477
-0.0108055
-0.00141394
-0.0105902
-0.017316
0.000261693
0.00285725
0.0120248
0.0196737
0.00113642
0.0172098
-0.0111991
0.00100837
0.046269
0.0220396
0.049751
-0.079268
0.0332337
0.00937805
-0.00274592
-0.0163219
-0.0402587
0.0136247
-0.0244448
0.00858155
-0.0995553
0.0220453
-0.0136151
-0.0213309
-0.0352827
0.00834955
0.0285797
0.000989747
-0.0246497
-0.00121274
-0.00412404
-0.00143786
0.0308544
-0.0157638
0.0133967
-0.0176917
-0.04376
-0.0463864
-0.00281023
-0.039918
-0.0244111
-0.0043632
-0.023338
-0.0230361
0.0514644
-0.0327172
0.0355911
-0.0230469
0.0632097
0.00892924
0.031738
-0.0106541
-0.0402709
-0.0411456
-0.0916361
-0.0426331
-0.0574414
-0.0120983
-0.0363248
0.0280727
0.0140997
0.0261794
0.0438703
-0.0389408
-0.00638961
0.0977612
0.0508762
0.0238378
0.0772144
0.00592418
-0.00946737
-0.01818
-0.111478
-0.0564663
0.0543808
0.0273996
-0.0173262
0.0572517
0.0159982
-0.0379521
-0.0438438
-0.0553866
0.0367976
-0.0194339
0.00269983
-0.0368978
0.063743
0.023613
-0.0485841
-0.0616892
-0.0826612
0.0145461
-0.0679665
-0.0366759
-0.0642708
0.00622171
-0.00942802
0.0225469
0.0238873
-0.0618889
0.0401094
0.0977558
0.0396565
-0.0382023
0.0988768
0.0293799
0.012313
-0.005564
-0.0717072
0.0160365
0.0846841
-0.0220645
-0.0480793
0.0272293
-0.00248498
0.0142388
-0.0237258
-0.0234336
0.083176
-0.000130712
-0.00110705
-0.0394568
0.0433505
0.0465043
-0.0231968
-0.0306196
-0.0754533
0.0239729
-0.0523123
-0.00705315
-0.11202
0.025351
0.00237861
0.0307002
0.00991822
-0.000739566
0.0687395
0.118169
-0.0091645
-0.0397144
0.049875
0.0178503
-0.023573
-0.0286457
-0.029127
-0.00607903
0.041667
-0.0289317
-0.136719
-0.0106895
-0.0213592
-0.00549324
0.0198217
-0.057838
0.0413441
-0.0428179
0.0499458
-0.0527317
0.0622854
0.027307
-0.04137
-0.0117873
-0.0770008
-0.0258566
-0.0919854
0.039901
-0.0391097
0.0538789
-0.0193375
0.00309996
0.0203489
0.00186928
0.0330859
0.0237652
0.0275879
-0.0587749
0.0605602
0.0229595
0.0129268
-0.000357174
-0.0687761
-0.0211553
-0.0239531
-0.00405044
-0.0194586
0.0384506
0.0212624
-0.0515097
-0.00692309
0.0077161
0.0490297
-0.062839
0.0477875
-0.00698264
0.00634268
-0.021073
-0.0525706
-0.00327929
-0.00709465
0.0690669
-0.0902996
0.00931811
-0.0326788
-0.0112932
-0.0288147
0.0355802
0.0197715
-0.0177237
-0.00309492
0.0203995
0.0450049
0.00691481
0.0452978
0.0114481
-0.0305404
0.0352708
-0.0139587
0.00411798
-0.0201028
0.00242539
-0.0366508
0.00322153
-0.0167847
-0.0563747
-0.0294226
-0.045606
0.0513761
-0.101704
-0.0110381
-0.0581604
0.0181377
-0.0134594
0.000618148
-0.0318676
-0.0978143
-0.029305
-0.0877012
0.0142402
-0.0509583
0.0452972
0.00628263
-0.0316731
-0.000879917
-0.0278603
0.0341
-0.00104335
-0.00867906
-0.0580385
0.0294459
-0.0160335
-0.0196648
-0.0139385
-0.0744008
-0.00326537
0.0153071
-0.00160923
-0.0649889
0.0241765
0.00298487
-0.0191148
-0.0046508
-0.0363686
0.0341928
-0.0770516
0.0342897
-0.0498706
0.0434407
-0.00851288
-0.0550765
-0.0484589
-0.0413757
0.050472
-0.0823436
0.0240477
-0.0421418
0.00314705
-0.0466129
-0.0319427
0.0211072
-0.0217877
0.0369972
0.0114366
0.020146
-0.0270652
0.0464839
-0.0274176
-0.0240852
0.00358523
-0.0208694
0.0413428
0.0464813
0.0275834
-0.0374334
0.0210481
-0.0322246
-0.0463681
-0.0371316
-0.0204886
0.0669638
-0.0473657
0.0284452
-0.0367117
0.00627923
-0.0367535
-0.0306228
-0.0236746
-0.0350929
0.0173771
-0.130913
-0.00144894
-0.0931611
-0.0117624
-0.0387129
0.0164596
-0.00124811
-0.0266905
0.0308263
0.0626452
0.0599201
-0.00733495
0.00609628
0.00979254
-0.0210161
-0.0135147
-0.0131592
0.0173133
-0.0233992
0.0214193
-0.0331621
-0.0254064
-0.00304052
-0.0526254
0.00154359
0.0254038
0.0712395
-0.0885008
0.0152535
-0.0448712
0.00356846
-0.0320063
-0.0524399
0.00058105
0.0110776
-0.0108439
-0.0837791
-0.0376137
-0.00868909
0.0179964
-0.0279859
-0.0215171
0.026643
0.0395317
0.0630298
0.0263519
0.0451739
0.000145507
0.0199531
-0.0185208
-0.0236013
0.0152599
0.027546
-0.019181
0.00710174
-0.00232706
0.029576
0.0091522
-0.00131766
-0.00568739
0.0552819
0.0689077
0.045904
-0.0496818
-0.00216632
-0.00349147
0.0465166
0.00338192
-0.0257206
0.00657258
0.0121971
0.0323932
-0.0404682
0.0388183
-0.011906
-0.0280002
-0.0129032
-0.00745658
0.0388402
0.0541437
-0.0172904
0.0298146
-0.000760304
0.00799758
0.0171851
0.017348
-0.0392025
-0.0311333
-0.00756956
0.0106384
0.0136565
-0.00796071
-0.0538266
-0.044263
-0.00767064
0.0458045
-0.00496954
-0.0340495
0.0556016
-0.0852535
0.0574962
-6.39685e-05
-0.0231536
0.0536116
-0.0039065
-0.0498791
-0.0120073
0.0299774
-0.139977
0.0340278
0.0268893
0.00943399
0.0131632
0.0530906
-0.0519573
-0.0481548
0.0356829
-0.0340859
0.0325123
-0.0277901
-0.0293862
0.0677605
0.0282023
-0.0308088
-0.0260727
-0.0208626
-0.0510672
0.0134738
0.0148452
-0.00759683
0.0236656
0.0539787
-0.0283135
-0.00383365
0.0583596
0.0547639
0.013318
-0.0205708
-0.0179124
0.00333215
0.113124
0.0036734
-0.00469567
0.0537633
0.0604322
0.0284525
0.0141129
0.0260937
0.0682395
-0.00427239
-0.0459736
-0.0299982
0.0652379
0.0412006
0.0444889
-0.00604409
-0.0163843
-0.0247569
0.0692586
-0.0196658
-0.0461248
-0.012542
0.0244038
0.0205466
0.0216908
0.0506119
0.0777228
0.0763875
-0.0185479
-0.0210399
-0.0190197
0.0489255
0.0338821
-0.017059
0.0195939
0.0652695
0.0581834
-0.0259679
-0.0381451
-0.0300983
0.0497055
0.0252905
0.00171266
-0.00310591
0.0612101
0.0392587
-0.0381505
-0.0161051
-0.0399163
0.0450799
0.0667528
-0.0201239
-0.0221364
0.0469206
0.0563286
-0.0374291
-0.0258719
-0.0216879
0.0350392
0.040939
-0.0676615
-0.0333467
0.0207
0.0283357
0.0179722
0.00857544
0.0247121
0.0797897
0.0298447
0.0125191
-0.0163934
0.0351346
0.0249746
0.0219054
-0.00247111
-0.0122685
0.0486554
0.0356317
0.0366881
0.0429195
0.0557849
0.0170524
-0.0534354
-0.0373597
-0.0122951
0.0743988
0.0250361
-0.0260714
0.0236885
0.0213913
-0.0182316
-0.0486702
-0.0247734
0.0309577
0.0716013
0.0131921
0.0356613
0.0562291
0.0342413
-0.00630392
0.036179
-0.0278285
-0.0656143
-0.00655141
-0.00715432
0.0150755
0.0231374
0.000746363
0.0271896
0.0315065
-0.0557423
-0.0712576
0.00231664
0.00499576
-0.00742916
-0.0109477
-0.0379514
-0.0406914
0.0864048
0.104942
0.0497618
0.0227931
-0.00473394
0.00916171
0.0088214
-0.0214772
0.049635
0.158346
0.0584834
-0.00820531
-0.0181727
0.0119538
-0.0125294
-0.0623242
-0.0446219
0.0831918
0.119615
-0.0540693
-0.0457268
0.0713528
0.0288541
0.0115619
0.0233368
-0.0168848
0.0524259
0.0615913
-0.117329
-0.0686236
0.0462959
0.0128503
-0.0251048
0.022167
-0.0388792
0.0852513
0.182301
-0.0394056
-0.0308407
0.034833
0.0441563
0.0162909
-0.00258502
-0.091182
0.0341182
0.0594338
-0.115972
-0.0342234
0.0166911
0.00224355
-0.0123589
-0.0317375
-0.0620809
0.0971793
0.105387
-0.0394427
-0.00671502
0.0776666
0.0406652
0.0119864
0.0867939
0.0147256
0.0401099
0.052099
-0.0629202
-0.0138817
0.0568064
-0.0273874
-0.0226919
0.0504715
-0.0135295
0.0542809
0.102391
-0.0234635
0.00129243
0.0261978
0.0380178
0.0459635
0.0281892
-0.0538073
0.0107106
0.0539054
-0.0517799
-0.0020858
0.00246949
-0.0331107
0.00374834
-0.00664139
-0.0784388
0.021022
0.0280163
-0.00437666
0.0344336
0.0668684
-0.00763506
-0.00983678
0.0741906
0.0189783
-0.0246065
-0.00120326
-0.00639292
-0.0127556
-0.00659232
-0.039484
-0.0579193
0.0203134
-0.0256702
0.0649063
0.124662
-0.00446918
0.0308826
0.0324162
-0.0031009
0.014578
0.0130336
-0.0235978
0.0531602
0.09211
-0.00617872
-0.0143344
0.000321895
-0.046244
-0.0261216
-0.00306011
0.0261148
0.00187494
0.00848735
0.00211423
0.0156193
-0.00656797
-0.0305907
-0.0475241
0.0424417
0.0249498
-0.0266511
-0.000408963
-0.0548203
-0.0104926
-0.0092852
-0.0292773
-0.0225323
0.0369463
-0.0031534
0.077993
0.094779
0.00585297
0.00223147
-0.00861999
0.0170821
0.00525881
0.0415814
-0.00330039
0.0712657
0.0403168
-0.0214869
0.0267717
0.0571705
0.0704859
0.0409156
0.0772877
0.0821033
-0.0261437
0.0180425
-0.0469504
0.00968879
0.0608848
0.0132815
-0.052157
0.0175339
-0.0080891
-0.038422
0.0330965
-0.0588821
-0.0352961
0.0187175
-0.024112
-0.0802635
-0.0330013
-0.0696367
0.0460798
0.0341872
-0.00458714
0.0732276
0.152082
0.0888263
0.0400617
0.0936246
0.0471392
0.0297545
-0.00422667
-0.0309817
0.0463226
0.11764
0.0705147
-0.0187445
0.0167592
-0.00851775
-0.0397698
-0.000621727
-0.0563624
-0.0164202
0.0110793
-0.0205666
-0.06491
-0.00280498
-0.0448549
-0.0614892
-0.0220959
-0.0694899
-0.0525821
-0.0041084
0.00957528
-0.0451337
-0.000399673
-0.0664225
0.0214646
0.0437364
-0.0610469
-0.0120636
0.0829739
0.043472
-0.0630092
-0.0362177
-0.0296341
0.0246567
0.0312902
-0.0365347
-0.0102385
0.0581576
0.0128894
-0.0755436
-0.0568014
0.0106179
-0.0755173
-0.0146518
-0.0631389
-0.0313866
-0.0100261
-0.000266928
-0.0601142
-0.00623042
-0.0700931
-0.0606745
-0.00936645
-0.0663069
-0.0182995
0.00500071
-0.0160298
-0.0562709
-0.0324731
-0.0545026
0.0123532
0.0122949
-0.0146292
0.0465443
0.0937904
0.0639773
-0.02801
-0.0115819
-0.0248195
0.0189272
0.0291828
-0.0370388
0.043918
0.128125
0.0435908
-0.0154394
-0.0597897
-0.015258
-0.0155693
0.0201558
-0.0495301
0.00371027
0.0103856
0.00789873
-0.0603946
-0.0238385
-0.0324814
-0.0590726
0.00108368
-0.0249148
-0.0119651
-0.0460272
-0.0222487
-0.0600413
-0.0421215
-0.0797577
0.0390051
0.0237092
-0.0409983
0.0439301
0.0621853
0.0485707
-0.0458424
-0.0322347
-0.0248383
-0.002542
0.0304992
0.022527
0.0214294
0.0512202
0.0411961
-0.033962
-0.00877085
-0.00679639
-0.0383162
0.00713309
0.0174047
0.0164167
-0.0158898
-0.0156023
-0.013651
-0.00243347
-0.072349
-0.0521277
-0.0357563
-0.0558019
-0.0719215
-0.0777571
-0.0611942
-0.0246292
-0.0341584
-0.0525154
-4.43553e-05
0.0843535
0.0641327
0.0831696
0.07865
0.0969037
0.0510835
0.0693163
0.037433
0.0123043
0.0557271
0.0149324
0.0147582
0.0151277
0.0523365
0.0612204
0.068147
-0.0063523
-0.00658546
-0.00128774
0.00975983
-0.0413487
-0.00344761
0.0229039
0.0347311
0.0236291
0.0352677
-0.035231
-0.0472681
-0.0169126
-0.0278981
-0.0376833
-0.0179103
-0.0488309
-0.0189595
0.0275915
0.0276965
0.0526568
0.0213038
0.0233823
0.0560674
0.117307
0.110747
0.0792049
0.0574485
-0.0459183
-0.0588284
-0.0215577
-0.0146009
-4.70536e-05
0.0445149
-0.00708014
-0.0295223
-0.00252021
0.0388038
-0.0653664
-0.0275785
0.0350928
-0.0456698
0.00988494
-0.0301975
-0.00693432
0.0712098
0.016007
-0.0483565
-0.0265753
0.0201007
-0.0181877
0.0192657
-0.0118595
-0.0411324
0.0173983
0.0346704
-0.0521577
-0.000883215
0.0155216
-0.0392275
0.00623071
-0.0125941
-0.0278701
0.0406269
-0.038382
-0.0621878
-0.0136567
0.0398529
-0.0234164
-0.00296348
-0.0193055
-0.0534127
-0.035637
0.0122681
-0.0134451
0.0197921
0.0997205
0.0496873
0.0301295
-0.00940656
-0.0124416
0.00122126
0.0746015
-0.0548276
0.0241312
0.0560734
0.0270069
0.0171296
-0.0167569
0.0143051
0.0979361
0.0475872
-0.0412582
-0.0312558
0.024967
0.0244841
0.00716687
-0.0377839
-0.0345239
0.068857
0.0651173
-0.0739903
-0.00300655
0.0338659
-0.000195588
0.024606
-0.0513005
-0.0482393
0.0952234
-0.0214127
-0.0745201
0.0234377
-0.0292405
-0.0103884
-0.0691484
-0.0958995
-0.103175
-0.0211129
0.10219
0.0702353
0.0513731
0.0109191
8.33481e-05
-0.0183444
-0.0619726
-0.0488018
0.00942665
-0.0405275
0.00299101
0.216016
0.202926
0.0982048
-0.0228178
-0.0696838
-0.151176
-0.0703276
0.12978
0.205242
0.260875
0.192622
0.0839439
-0.00189226
-0.0010489
-0.029653
0.0254194
0.0714357
-0.0229733
-0.0592358
-0.0430714
-0.0331526
-0.0375503
-0.00050426
0.080688
0.0928622
-0.0486242
-0.095097
-0.0142108
0.045147
-0.0126629
-0.0562735
0.049115
0.129648
0.0653742
0.173726
0.113524
0.0170384
0.00809483
-0.011527
-0.0101654
0.046708
0.150541
0.202243
0.0372124
-0.0132994
0.0743298
0.0953963
0.0344108
-0.00130771
0.164929
0.226215
0.174738
-0.0493003
0.169409
0.279267
0.214629
0.0431185
-0.0552052
-0.00233878
0.0242337
-0.0779725
0.0168934
0.176889
0.154723
0.0197555
-0.0399699
-0.0855112
-0.0845539
-0.10139
-0.147084
-0.0515837
0.107012
0.278722
0.221374
0.0584253
0.0119093
0.108127
0.127254
-0.00632181
-0.0963138
-0.00267646
0.0793922
0.00528484
-0.0823743
-0.0729367
-0.0443161
-0.066217
-0.143524
0.0999213
0.216445
0.0435711
0.0211352
0.0447976
0.0320299
0.0342797
0.0454693
-0.0452165
0.0245539
0.0543275
-0.0698825
-0.0205639
-0.00358846
0.0248967
0.033997
0.042958
-0.00201812
-0.0188437
0.0189035
-0.0539876
-0.0421839
-0.015518
0.02448
0.0422453
0.0431958
-0.0860786
-0.0485246
-0.0387089
-0.0995194
-0.0542875
-0.0491986
-0.00418568
0.0121268
0.0279973
-0.0206997
0.0220588
0.133376
0.0064888
-0.00975421
-0.0429331
0.039698
0.0382957
0.0927191
0.0276632
0.0662603
0.151547
0.0322354
-0.00211235
-0.0186945
0.00551492
0.00119127
0.0713572
-0.0191471
0.00323122
0.0479218
-0.0450533
-0.0235996
-0.0724737
-0.00833941
-0.0180508
0.0541089
0.00273714
-0.00477471
0.0522713
-0.0125182
-0.0431859
-0.05436
-0.0335103
-0.038382
-0.0117836
-0.0527778
0.0984042
0.21413
0.0553577
0.0360211
-0.0257699
0.0162372
0.0187229
0.0636244
0.0368285
0.105792
0.155142
-0.0270199
-0.0641691
-0.0516096
-0.0259186
0.022582
0.0489492
0.0327899
0.00277618
0.0796215
-0.0133826
-0.0246141
-0.0396026
-0.0142885
-0.00315926
-0.00353125
-0.064646
0.0120818
0.0611206
-0.0772568
-0.0736502
-0.0340647
-0.0532682
-0.0363767
-0.0445133
-0.0609726
0.117852
0.154945
0.0174934
-0.0363274
0.00236697
0.04524
0.0172469
0.0822268
0.0700462
0.125501
0.103489
0.00720418
-0.012705
0.0385159
0.0519799
0.0455413
0.149713
0.138864
-0.00976099
0.0581888
-0.0439619
-0.0561468
-0.0125987
0.033399
-0.0256862
-0.0280126
-0.0763343
-0.0658123
-0.0117878
-0.0522934
-0.0634115
-0.00716869
-0.0256696
-0.0635733
-0.0125582
-0.011408
0.0953482
0.0522202
-0.0432023
-0.0250017
0.0346197
0.0301459
0.00742885
0.16305
0.164663
0.0706386
0.00465538
-0.0805231
-0.0166061
0.0642122
0.0449209
0.00658859
0.119181
0.107735
-0.0783387
0.00781873
-0.068709
-0.0967019
-0.0452021
-0.0385612
-0.0544924
0.0303277
0.0365502
0.0244531
0.0279295
-0.0775437
-0.0779241
-0.0354298
-0.0415886
-0.0890465
0.0512382
0.0546632
0.0389463
0.0139189
-0.0832184
-0.0450079
0.0102148
-0.0135862
-0.0822113
0.0340615
0.0519759
0.0790771
0.0565178
-0.05942
-0.0508283
-0.0312275
-0.0474735
-0.0962272
0.0206082
0.0377335
0.0155502
0.0477022
-0.0675023
-0.0569361
-0.0468071
-0.0612427
-0.113181
0.0435019
0.018696
0.0623425
0.131571
-0.0329123
-0.07193
-0.0708757
-0.0721334
-0.0746955
0.0336822
0.0637748
-0.0102435
0.0578975
-0.0511152
-0.0351436
-0.0080183
-0.0207608
-0.0783953
0.0146502
-0.0399437
-0.0116204
0.0358927
-0.0556102
-0.00199813
0.0364864
-0.0179231
-0.05807
-0.0218629
-0.0339182
-0.03211
0.148824
-0.0394781
-0.069356
-0.0321455
-0.0548193
-0.0602625
0.0120397
-0.00356934
0.00966735
0.091981
-0.0607691
-0.0374002
-0.00652337
-0.0266014
-0.0601843
-0.0030449
0.0663527
-0.0255862
-0.0109166
-0.06725
-0.0426551
-0.0449069
-0.050539
-0.107383
-0.0363305
-0.0533244
-0.0415237
-0.0265686
-0.0619009
-0.0642657
-0.036334
-0.0508952
-0.09893
-0.0164667
-0.0171813
0.0237129
0.0402127
-0.0756563
-0.0542639
-0.053861
-0.0377136
-0.099065
0.0336805
0.0778473
0.0807151
0.0924911
-0.0135585
0.00104522
-0.00726206
-0.040801
-0.0498698
0.105666
0.10703
-0.0481241
0.00752545
-0.025164
-0.0226995
-0.0388777
-0.037169
-0.0537039
-0.00294891
-0.0438898
-0.058023
-0.0199197
-0.0359319
-0.0748589
-0.0638416
-0.0968931
-0.0465702
-0.0388888
-0.0741674
0.057394
0.122797
0.107327
0.105936
0.0138074
-0.0113467
-0.00655542
0.0811521
0.0528728
0.0979522
0.0945653
0.0966097
0.0194657
0.0490033
0.0181234
-0.0131013
0.071753
0.0425513
0.00100565
0.00099871
0.0122869
0.0170549
0.0615575
0.127212
0.080929
0.0222868
0.0072859
-0.0842019
-0.118037
-0.0968536
-0.128243
-0.0780472
0.0195855
-0.030365
-0.0811745
-0.0688636
0.112658
0.126853
0.0941605
0.0900535
0.182746
0.211167
0.129963
0.104347
0.104065
-0.0415039
-0.0986565
-0.0699959
-0.0967844
0.0200452
0.0440881
-0.00937761
-0.0933082
-0.0287626
0.0541127
0.0076073
0.0193725
0.0239382
-0.0409902
0.0432641
0.00401835
-0.0144309
0.0595406
-0.0395351
-0.0371567
0.0266643
0.0761417
-0.0233337
0.018419
-0.00782034
-0.0276832
-0.0368695
0.0785061
-0.0275749
0.0101217
0.0195136
-0.0527251
0.0246641
0.0355641
-0.0348066
0.095739
0.00901165
-0.0398929
0.0153591
0.0639439
-0.0455064
-0.00210026
-0.0111027
-0.0650734
-0.0260244
0.0970849
-0.0241156
-0.0395721
-0.0255274
0.0100093
-0.0121849
-0.062802
-0.0464212
0.107633
0.130356
-0.0557647
-0.0212248
0.0517039
0.0633666
0.0448096
-0.0160412
-0.042661
0.148421
0.109874
-0.0107006
-0.0669475
-0.00486522
0.0203571
-0.0478626
-0.0833613
-0.0666537
0.10989
0.132982
-0.0220049
-0.0487887
0.0500521
0.0719252
0.054192
-0.00745015
-0.0589791
0.116739
-0.122031
-0.0506996
0.139861
0.187073
0.114506
0.0605145
0.0179118
-0.110336
-0.125941
-0.016491
0.117695
0.175185
0.148694
0.0775331
0.0739108
0.0495236
-0.019784
-0.0826298
-0.149932
-0.11237
0.00749743
0.0702205
0.121095
0.18873
0.141411
-0.0555777
-0.127531
-0.0804679
-0.0588801
0.0207849
0.0461385
0.0834955
0.163056
0.184085
0.114263
-0.0103378
0.121985
0.107954
0.0260292
0.00864345
-0.0343573
-0.0036307
0.0331771
0.106483
0.110301
0.0559828
0.0139805
0.0361967
0.0311349
-0.0122989
0.0085508
0.114824
0.125331
0.0806292
0.134816
0.131692
0.0126581
-0.0254394
-0.0511145
-0.00278456
0.0407188
0.0897237
0.107221
0.0899521
0.162759
0.0959561
-0.00918907
-0.0246634
0.0187021
0.0606066
0.00601171
0.00850543
-0.0489956
0.0689811
0.185476
0.17122
0.054921
0.0893119
0.159451
0.0990745
-0.0214494
-0.152452
-0.0820112
-0.0317771
-0.0387037
-0.0489074
-0.0256866
0.0172763
-0.0289326
-0.144729
-0.0148144
0.119893
0.157275
0.0975386
0.0433515
0.161492
0.200841
0.0903258
-0.0791794
-0.134334
-0.055354
0.0137305
-0.0324925
-0.0684512
-0.0404944
-0.00288805
-0.0770606
-0.203238
-0.0622126
0.0285019
-0.0152744
-0.0203075
-0.0294028
0.0398811
0.0510712
0.0465701
-0.0655882
-0.0522671
-0.0194478
-0.0808631
-0.0762849
-0.0850483
-0.0664903
-0.0153433
-0.0100461
-0.0515516
-0.0585416
0.0440661
0.0726871
0.0129901
-0.0584633
-0.026397
0.00754873
-0.0113347
-0.0961451
-0.0417377
0.0131382
0.0064325
-0.0620119
-0.107184
-0.0770146
-0.0997141
-0.0646352
-0.0708174
-0.0189904
0.010657
-0.0160356
-0.0173723
-0.0323856
0.00640522
0.0163589
0.0357237
0.0214321
-0.0713407
-0.0140888
-0.0257359
-0.030231
-0.0427994
-0.0221977
0.00734051
-0.00713245
-0.0749288
0.0155445
0.0213933
-0.0139022
-0.0448771
-0.0416854
-0.00937151
-0.0157236
0.00764287
-0.0294144
-0.0713208
-0.059792
-0.0559759
-0.0680626
-0.0560423
-0.0192679
-0.00728054
-0.00568434
-0.0407982
-0.0843618
0.0262632
9.75183e-05
0.0341393
0.0410937
0.0384813
0.0411076
-0.00872469
-0.0819602
-0.0760849
-0.00853572
-0.0137927
0.00906301
0.0705163
0.0313359
0.0270224
-0.0267245
-0.0879925
-0.0665377
-0.0255067
0.0213497
0.0400354
0.0185828
0.00267457
-0.00233173
0.0299073
-0.0529135
-0.0575511
-0.0169379
0.0171873
0.0524389
0.0462444
-0.0241606
-0.0412215
-0.0239379
-0.054931
-0.0814336
0.00177475
-0.00914652
0.0653399
0.0842507
0.0905169
0.0202812
0.0101148
-0.0943737
-0.0717202
0.00196136
-0.0122271
0.0302283
0.0645496
0.0217022
-0.0221193
0.0129607
-0.0910259
-0.0608267
0.0184394
0.0182858
0.10619
0.10414
0.0645804
0.0226966
0.00961342
-0.0618925
-0.0791791
0.00873051
0.0173957
0.0398149
0.0629667
0.0100039
-0.00848277
0.00658653
-0.0617233
-0.0893678
0.0471203
-0.0245841
-0.0401874
-0.022275
-0.00375893
-0.0585703
0.0239998
-0.0391108
0.0177032
0.0885856
-0.0408297
-0.0497334
-0.0310472
-0.0391082
-0.0486077
0.0622457
0.0165034
-0.0414708
0.031835
-0.0254596
-0.0189619
0.00684402
-0.0294144
-0.0326537
0.0296969
-0.0778412
0.00214778
0.024845
-0.0884142
-0.0310017
0.0153974
-0.0373579
-0.0380753
0.0827766
0.0505324
-0.0269495
0.0823677
-0.0516784
-0.0420774
-0.0494343
-0.0499855
-0.0784192
0.0265896
-0.0373589
0.0366582
0.184399
0.0268836
-0.0567241
-0.05844
-0.0251061
-0.0164076
0.0923545
0.0202778
-0.0544301
-0.0132589
-0.116558
-0.0516405
-0.020831
-0.0438473
-0.0515592
0.068392
-0.0237197
0.0439218
0.086567
-0.0307246
-0.0562665
-0.0504166
-0.056069
0.019953
0.138815
0.0219062
-0.0467881
0.130898
-0.0289324
-0.0653038
-0.0205396
-0.0384068
-0.0405916
0.0558242
-0.0451971
-0.0220358
0.0555101
-0.067611
-0.0552353
-0.0286719
-0.0374664
-0.071491
0.00624059
-0.00462806
-0.0329724
0.0455592
-0.0445708
-0.0693435
-0.0203739
-0.0674341
-0.0124064
0.13026
-0.0669046
0.00693976
0.0259813
-0.0575849
-0.0359305
-0.0065154
-0.0482359
-0.05669
0.0441332
-0.0145421
-0.0315236
-0.0112318
-0.072817
-0.0669047
-0.0599245
-0.0520287
-0.117525
-0.0563613
0.00413087
0.0523818
0.0519483
-0.0547023
-0.0342353
-0.058214
-0.0533866
-0.03976
0.044455
0.0760557
0.0268003
-0.0377315
-0.11376
-0.0634594
-0.0227369
-0.0505105
-0.0615066
-0.00913248
-0.0129864
0.0894591
0.0604695
-0.0502857
-0.0369024
-0.0128165
-0.0395417
-0.0215381
0.0441303
0.0574154
0.0121626
0.055351
0.00873566
0.0397977
-0.0517769
-0.0298122
-0.0343294
0.0368314
0.0401787
0.0444483
0.0507016
-0.00219053
-0.0156153
0.0254326
-0.00820619
-0.0579123
0.0251481
0.0446214
0.0597347
0.0497559
-0.0247915
-0.0113793
-0.035234
0.0121952
0.0214133
0.0524721
0.0355454
0.0457169
0.0289902
-0.0466129
-0.0236272
0.0348783
-0.0182425
-0.0174778
0.0713526
0.0499626
0.0627878
0.0733649
0.0386759
0.104128
0.23407
0.228792
0.0514428
0.0473865
0.052952
-0.0833265
-0.103901
-0.0958269
-0.109729
0.0331687
-0.0371896
-0.0680327
-0.12818
-0.0737964
0.0658998
0.05591
0.0480041
0.183766
0.215718
0.135545
0.0183127
0.0741659
0.0666932
-0.0844099
-0.122072
-0.0857815
-0.0379846
0.0264325
-0.102228
-0.122404
-0.151534
-0.0923339
0.0460703
-0.0420997
0.00455003
0.0548262
-0.0167384
0.0386324
0.0160324
-0.0693303
0.0664435
0.0192967
-0.0578963
0.00647276
0.0150017
-0.0324196
0.0164925
-0.00916283
-0.059762
0.00385549
0.0326887
-0.058318
0.0178024
0.0805976
-0.00557914
0.048801
0.00179389
-0.0616082
0.0300652
-0.0225757
-0.0566025
0.00517772
-0.00129143
-0.0350217
0.0167255
-0.0241351
-0.0769406
-0.0259428
0.0822764
0.0128205
-0.0290693
0.0254327
0.0329946
0.0242138
-0.04577
-0.0645515
0.0603657
0.108055
-0.00650356
-0.0176839
0.0431628
0.00780391
0.0643045
-0.0160504
-0.0841392
0.0771509
0.0149531
0.00198277
-0.0156377
0.0406078
0.0303389
0.127526
0.00961274
-0.0371145
0.0436384
0.0635359
0.00995538
-0.0131319
0.0499854
0.00797933
0.0831522
0.0403446
-0.0340726
0.0783393
-0.0411872
-0.0818507
-0.0288231
0.00739722
0.0869428
0.151514
0.195002
0.0179588
-0.0178335
0.0675105
0.00590812
-0.00669755
-0.0006042
0.056387
0.171969
0.257755
0.252019
0.144466
-0.0600431
-0.098274
-0.0828837
-0.0561208
-0.0109643
-0.0228033
0.0076118
-0.0794419
-0.0253655
0.0399522
-0.0510089
-0.0540151
0.00391768
0.011823
0.0198147
0.0272562
0.0704292
0.0905405
0.213841
0.160627
0.026616
-0.0264917
-0.0601466
-0.0352108
-0.00547524
0.0753857
0.145791
0.162734
0.237894
0.108017
-0.0300096
-0.00493105
0.0677313
0.0826262
-0.00306849
0.0295756
0.120215
0.0674275
-0.0241622
-0.0226396
-0.0139283
-0.0525505
-0.0569129
-0.0338666
0.0716188
0.078402
0.13708
0.0108289
-0.00934006
0.0264766
0.054514
0.0267283
-0.083147
-0.0204371
-0.0100357
0.124031
0.0992942
-0.00462032
0.00472598
0.215182
0.303389
0.129596
-0.087541
-0.130261
-0.0341753
-0.00619068
-0.085344
-0.124945
0.00596133
0.0909422
0.0205711
-0.11864
-0.0337444
0.0177284
-0.00903932
-0.0612525
0.0279409
0.20284
0.323301
0.157955
-0.0350515
-0.123907
-0.106824
-0.0590527
-0.0963887
-0.073041
0.025642
0.174616
0.181009
0.0207143
-0.0505724
0.0750847
0.0717359
0.0220599
-0.0782699
-0.070804
-0.052919
0.0297595
-0.0300155
0.00551225
0.0563362
0.00888996
-0.0225234
-0.0908627
-0.0720335
-0.0938578
-0.0191728
-0.0551513
-0.0230062
0.0295583
0.0499866
0.0158786
0.0323755
-0.00335016
0.0603123
0.22384
0.12675
0.0433923
0.0516774
0.0251296
0.020509
-0.00922667
-0.0353267
-0.0718535
0.0660819
0.0524191
0.00641597
0.0297819
-0.0329978
-0.047442
-0.0528613
-0.00793692
-0.0565315
0.0249244
-0.0183263
-0.0481376
-0.0178467
-0.0426065
-0.0482419
-0.0671715
-0.0449631
-0.0193523
0.0342736
-0.0193735
0.0444085
0.0917275
0.0232767
0.0205547
0.00284048
-0.011876
-0.0138585
0.117014
0.0412402
0.00297399
0.0650604
0.0372024
0.0141428
0.0104797
-0.00266239
0.0427133
0.144004
0.0643613
-0.0734625
-0.00239047
0.00124997
-0.00757155
-0.0662746
-0.0421973
-0.0467995
0.0645012
0.00992851
-0.0466862
-0.0283038
-0.0320553
-0.038471
-0.0769026
-0.0879435
-0.0780882
0.0573329
0.00513549
0.0659372
0.0551318
0.047757
0.0136481
-0.0262731
0.0155843
0.031351
0.168572
0.088873
0.0702213
0.0325171
0.028871
-0.0161875
-0.0127927
-0.0618424
-0.0141744
0.142586
0.126172
-0.0481505
-0.00450661
-0.0269479
0.0235347
-0.0375508
-0.0597619
-0.0352406
0.061147
-0.0149404
0.0169574
-0.0111864
-0.0590478
-0.0131153
-0.024705
-0.0691494
-0.0353536
0.0258301
-0.0250534
0.0830099
0.0838142
0.0156955
0.00950335
0.0178707
-0.0430658
0.00930962
0.11641
0.15344
0.142459
0.0994663
0.0268029
0.0383369
0.0391921
-0.0172155
-0.00517495
0.0829629
0.143848
0.0154778
0.0275963
-0.0580662
-0.0315654
-0.0534469
-0.0719843
-0.0602926
0.00760258
-0.0692379
0.0202308
0.0246988
-0.129139
-0.0214501
-0.0147598
-0.054654
-0.0878086
-0.00764976
-0.0212214
0.131268
0.135722
0.00710396
0.0438456
0.0568996
-0.0077178
-0.054389
0.0274553
0.096267
0.0650461
0.0992228
-0.0201335
0.0596082
0.0581805
-0.0194602
-0.0593177
-0.00171818
0.0631361
0.00106848
0.0361964
-0.135063
-0.0327392
-0.0294622
-0.047034
-0.0637086
0.0192068
-0.00797319
0.041022
0.0145981
-0.0696622
-0.0634009
-0.0658867
-0.0842978
-0.0126133
0.101572
0.0567443
0.0268982
0.0057652
-0.10889
-0.00426401
0.0262947
-0.0367124
-0.0522197
0.0262089
0.0367499
0.0311564
-0.0200939
-0.0982535
-0.0319719
0.00701526
-0.0827147
-0.0630209
0.0438225
0.0741931
-0.0394103
0.0175553
-0.0305596
-0.0467366
-0.0486028
-0.0725787
-0.000691321
0.139969
0.000385611
0.0457292
0.00614632
-0.0458132
-0.0202385
-0.0039972
-0.0287884
-0.0142783
0.0824423
0.0124146
-0.039965
-0.0171718
-0.0499247
-0.00938036
0.00151079
-0.0640975
-0.034014
0.0529528
-0.000316681
0.00618114
-0.0532273
-0.0774027
-0.0287154
0.0340131
-0.0265722
-0.0509152
0.0227206
-0.0167894
0.0467331
0.022036
-0.0847084
-0.0328087
-0.0140973
-0.0391519
-0.0570135
0.00678313
0.0384843
0.0938942
0.0719975
-0.0516724
-0.0227789
0.0176098
-0.0163727
-0.0240257
0.0793859
0.0810821
-0.0378418
-0.0946181
-0.121713
-0.0389035
-0.0252871
-0.0694453
-0.0813915
-0.0472523
-0.0496702
-0.0377272
-0.0540589
-0.0975602
-0.0226311
0.0108478
-0.0884465
-0.074914
-0.0370189
-0.0379936
0.0687749
0.0898019
0.0247721
0.0205539
0.047784
0.0816016
0.0882414
0.13828
0.105204
0.0571419
0.0763115
0.00815913
0.0139969
0.0569844
-0.0160924
0.0478729
0.125508
0.109877
-0.0312526
-0.00658199
-0.0223041
-0.00285414
-0.00144925
-0.0318341
0.0023534
0.0401553
-0.0160978
-0.0622526
-0.0152102
-0.0254551
-0.0493582
-0.0214749
-0.128985
-0.0565928
-0.0440021
-0.0267122
0.106206
0.120113
0.142384
0.220902
0.198265
0.0849789
0.0586573
0.121473
0.115136
-0.0384403
-0.0786829
-0.0327617
0.0453621
0.0201504
-0.07936
-0.0649902
-0.0966615
-0.0288681
0.0649132
0.0765956
0.10272
0.134566
0.116325
0.0199835
0.0127995
-0.0212675
0.0321736
-0.0327452
-0.0656308
-0.0336062
0.00736902
-0.0252397
-0.0985115
-0.076723
-0.121447
-0.0469951
0.043328
-0.0266714
0.0248306
0.0925323
-0.0553758
0.0328728
0.00703179
-0.0274346
0.0535167
-0.027307
-0.0293967
0.0272428
0.0362532
-0.0411853
0.0540908
-0.034778
-0.0562465
-0.0025506
0.0638679
0.00448684
0.0150635
0.0652797
-0.0287134
0.0287113
0.0297614
-0.0230827
0.0768051
-0.0296038
-0.00957809
0.0591047
0.0316416
-0.00684362
0.0458093
0.00254162
-0.0363734
-0.00644099
0.0165898
-0.0100408
-0.0263129
0.0135793
-0.00196639
0.0428833
-0.0294655
-0.0483646
0.00557764
0.0376543
-0.00122821
-0.0211819
0.0110565
-0.0113811
-0.0154725
-0.0254673
-0.013395
0.0507216
0.0342455
-0.00675828
-0.0345063
0.0250113
0.0718806
0.0676895
0.00627701
0.00196558
0.0578687
0.0899772
0.0193661
0.00680941
0.0317355
0.0541004
0.0405291
-0.000630818
0.0234298
0.0952067
-0.00894871
-0.0497438
-0.0520614
0.0293751
0.0342694
-0.0527134
-0.0114688
-0.0369746
0.00715382
0.0204289
-0.0381928
-0.0278514
0.0181547
0.0438607
0.00113849
-0.0295882
-0.030421
0.0531306
0.0559644
0.0079448
-0.0385756
-0.00855577
0.0395139
0.00281288
-0.0271597
-0.0212039
0.0628253
0.0533913
-0.00779839
-0.0176891
0.0178096
0.10222
0.0120993
-0.0465395
-0.0347609
0.0700279
0.0150508
0.0180145
-0.0203625
0.0252637
0.0589584
-0.000382497
-0.0622132
-0.074915
-0.00900399
0.0421077
0.0875048
-0.00707165
0.030317
0.0738169
0.0590024
0.00213907
-0.0770459
-0.0350877
0.0236669
-0.00341244
-0.00085206
0.0169589
0.0743733
0.0107635
-0.043318
-0.0377872
0.0233638
0.0653266
0.0477773
0.0163724
0.0168223
0.0393621
0.00455456
-0.0338025
-0.0453014
-0.0100642
0.0194853
0.042218
0.0261643
-0.0208484
-0.00796047
0.0338936
0.120387
0.0659454
-0.0131816
-0.0510218
-0.0564897
-0.00339726
-0.0326792
-0.0440816
-0.0421316
0.0548466
0.17838
0.0584265
0.0380023
0.0362153
-0.0084218
-0.0301654
0.00087601
-0.0588397
-0.0449715
-0.0113376
0.00726459
-0.00479937
0.01053
-0.0587986
-0.0500336
-0.0126353
-0.0867312
-0.0474749
0.0565058
0.0559374
-0.0524091
-0.0107629
0.0125848
0.0261041
0.0199825
-0.0431035
-0.0284489
0.181982
0.109636
-0.0463687
-0.0315366
-0.0194591
0.0196003
0.00980809
-0.0301829
-0.102543
0.0675648
0.0494298
-0.000580892
0.0293996
-0.00978453
0.0118543
0.0934974
-0.04569
-0.0392264
0.0880387
0.0906424
-0.0253098
-0.0373822
-0.0491807
-0.00827714
0.0409191
-0.0689383
-0.107458
0.0258625
0.0471129
-0.0494316
0.0332846
0.0304997
0.0553223
0.056341
-0.00023734
-0.0303689
0.0859829
0.0381896
-0.095492
-0.00921894
-0.0124932
-0.0142143
0.0119893
-0.00954747
-0.0274177
0.0304921
-0.0308549
0.0134711
0.0453199
-0.0246211
0.0144834
0.0796803
-0.0246004
-0.0403081
0.0781328
0.0595496
-0.0221547
0.0443564
-0.0164362
-0.0159648
0.0362235
-0.0587236
-0.0644039
0.0139023
-0.00100972
-0.0361622
0.0206253
0.0342007
0.0143239
0.0165754
0.00684734
-0.00754904
0.106919
0.0278542
0.00750618
0.000378283
0.00881337
-0.0141107
0.00440397
-0.0363355
-0.0162152
0.0934515
0.0458603
-0.00293847
0.0510337
0.00873671
0.0199835
0.0526551
-0.0261987
-0.0340447
0.0250635
-6.06595e-05
-0.0218374
0.0180089
-0.0134171
0.000843972
0.0476848
-0.0305526
-0.00928548
0.00953798
-0.0137775
0.0109866
0.0688837
0.0461896
0.0286061
0.0166583
0.00409186
-0.000464292
0.0839828
0.0783135
0.0348577
0.0490505
0.0326133
0.0448057
0.0479367
0.0219335
0.00392539
0.0534127
0.0279548
0.0481162
0.0632965
0.00967107
-0.00200643
0.0263065
0.0238312
0.00324703
0.0307956
0.0209402
0.00810002
0.013955
0.0371374
-0.0342957
0.00952886
-0.0178227
-0.0299653
0.0161376
0.0136464
0.0116299
0.0753711
0.0507736
0.0825395
0.134975
0.0758523
-0.0111034
0.0144447
-0.0097499
-0.00284859
0.0266284
-0.00621139
0.052878
0.112368
0.067598
0.00644757
0.00769142
-0.0217673
0.0118435
0.0123751
-0.0140653
-0.00767786
0.0486678
-0.00579439
-0.0131577
-0.0172016
0.00531382
-0.0273372
-0.017231
-0.077154
-0.0411119
0.0345687
0.008847
-0.0191406
-0.00827141
-0.0229806
-0.053878
-0.0302551
-0.0585395
0.0414586
0.0801308
0.0342045
-0.0165695
0.0724073
0.00928451
-0.0133864
-0.0419412
-0.0644948
0.0368296
0.0611337
0.0284895
-0.0275976
0.0633186
0.0211775
-0.062532
-0.0188665
-0.071211
-0.0369737
0.00846173
0.021154
-0.043043
-0.00793338
-0.0196501
-0.0202842
-0.00775654
-0.028777
-0.0135363
-0.0203559
-0.0355252
-0.0856548
-0.0129796
-0.0288511
-0.0264068
0.00622883
-0.000197295
0.0906257
0.0982661
0.0460698
0.0115856
0.0496764
0.0516205
-0.0327614
-0.0662657
-0.0376776
0.0613243
0.0949679
0.0384853
-0.0155528
0.0416776
-0.00131192
-0.0375898
0.0116963
-0.0318396
0.00837227
0.0116092
-0.0203683
-0.0479191
-0.00857458
-0.0427352
-0.0744854
-0.0524323
-0.0577408
-0.00862699
-0.0183752
0.0180692
-0.0220438
-0.0195447
-0.0493851
-0.0368109
-0.055742
-0.0468048
0.0624584
0.0883683
0.0233075
-0.0150592
0.0559893
0.0364964
-0.0221637
-0.0143942
-0.0200783
0.0429992
0.0654252
-9.76986e-05
0.0250329
0.0625696
0.00394615
-0.0598116
-0.0496072
-0.0493737
0.00968551
0.0274036
-0.00108996
-0.0240031
-0.000517429
-0.00467778
-0.0602519
-0.0407983
-0.0368869
-0.0746234
-0.0170237
-0.0525731
-0.023197
-0.00280167
-0.0238136
-0.00624504
0.0696321
0.0677842
0.0913752
0.123549
0.0687895
0.0767621
0.0958246
-0.0100527
-0.0138144
0.0683346
0.0428318
0.0428942
0.0327237
-0.003488
0.0265032
0.0347905
0.00361627
-0.0762654
0.00367008
-0.0170153
-0.0389089
-0.0137138
0.0258052
-8.96134e-05
0.00951155
-0.053949
-0.0469736
-0.0302347
-0.045962
-0.0581173
-0.0582067
-0.0506041
-0.0517725
-0.0679737
-0.0522524
0.0465162
0.104662
0.0978395
0.117908
0.0732462
0.0414029
0.0325563
0.015187
0.0343273
0.00914331
0.00335667
-0.00772591
0.0298484
-0.00566303
-0.0339069
-0.0315344
-0.0805437
-0.0356302
0.0593763
0.029029
0.0355633
0.0480285
0.00497734
-0.0350583
0.0303755
-0.0284525
0.0329142
0.0141072
-0.042105
-0.0683984
-0.0252272
-0.0527785
-0.035567
-0.0100046
-0.038273
-0.0119684
0.059951
0.00400973
-0.0038166
0.0181013
-0.0359074
0.00296834
-0.0132304
-0.0715233
0.0305941
-0.0548128
-0.0425848
0.00633075
0.00642957
0.0122186
0.0703123
-0.00924291
-0.0586902
-0.0639598
0.0960013
-0.00805572
-0.0433917
0.00842941
-0.0253806
0.075753
-0.00203133
-0.049587
0.0376297
0.0288616
-0.0359262
-0.0320022
0.00546951
0.0130203
0.0857735
-0.00458529
-0.0564193
-0.0324161
0.0499437
-0.0266397
-0.066358
-0.00368879
0.0662306
0.0402878
-0.0424437
-0.0353843
0.0483788
0.05152
-0.0355937
-0.0247274
0.0685077
0.0259736
0.0543762
-0.0363867
-0.0251063
0.0643001
0.0471603
-0.00979137
-0.0383368
0.0741339
0.00368817
0.0990101
-0.00676608
-0.0124136
0.0482117
0.0773141
-0.0213449
-0.0129383
0.152952
-0.0457788
0.114153
0.00970577
-0.0179578
0.0963089
0.0209166
-0.0298595
-0.0085365
0.0342344
0.0365948
0.025372
-0.00741002
-0.0336957
0.0249767
0.0242027
-0.0270084
-0.00334266
0.0112636
0.103318
0.047434
-0.00333352
-0.00974283
0.0579029
0.0576863
0.00358636
0.0244358
0.113429
-0.0489658
0.0469609
0.0328059
-0.0436922
0.0308027
0.0427353
0.0599323
0.0544695
0.0709622
-0.0595002
0.0711998
0.0476077
0.0151853
0.045081
-0.00536567
-0.0153451
-0.00145322
0.0064994
0.0567244
-0.0113095
0.00345756
0.0196264
0.0313518
0.00839478
-0.0155285
-0.0229711
0.00267253
0.0133637
-0.0252449
-0.0279938
-0.0081903
-0.00105126
0.00219195
0.0318132
0.0343013
0.0713766
-0.0535864
0.0782966
0.0377404
0.0330127
0.0315307
0.0581567
0.013204
0.0383373
0.0583224
-0.0807802
0.0533432
0.0318869
0.0534351
0.0493329
0.00250815
0.00475013
-0.017134
-0.00463601
0.0200416
-0.031732
-0.0136853
0.0142447
0.00273539
-0.0141587
0.0197392
-0.0327984
-0.024704
0.0394565
-0.0323441
-0.0419316
0.0116275
0.0105109
0.0336149
-0.016655
-0.00201974
0.0379111
-0.132751
0.0206834
0.0228652
0.0430117
0.033144
0.00189823
0.00528864
-0.0194515
0.058806
-0.128712
0.0123924
-0.0346855
0.00250924
-0.034911
-0.00871734
0.100128
0.0241437
0.0460287
0.128939
0.0118389
-0.0589773
0.0160863
-0.00212151
-0.0236404
0.0295788
-0.0357232
-0.00170113
0.0974489
-0.0348603
-0.0697112
-0.00288059
-0.00966637
-0.027194
0.0545547
0.00329869
0.0765852
-0.033629
0.0888916
-0.0308469
-0.00535918
-0.0350979
-0.0233732
-0.00956887
-0.050909
0.0248689
-0.0552713
0.0595005
-0.0666752
-0.0644512
-0.02683
-0.00393442
0.0565612
-0.0411302
0.0143658
0.126056
0.0115518
-0.0460078
0.0278639
0.0429611
-0.00281342
0.0194451
-0.051015
-0.0034456
0.0791203
-0.0128724
-0.0717911
-0.00343946
0.0120642
-0.0106655
0.0095989
-0.0535585
0.0226444
-0.0404621
0.0725481
-0.0350367
-0.046761
-0.0239593
-0.0132463
-0.0078584
-0.0795245
-0.00990436
-0.0736343
0.0161803
-0.0430919
-0.0545811
-0.0165693
0.0147947
0.0597189
0.00591982
0.034989
0.0954914
0.0398625
-0.0355859
-0.00936052
0.0125649
-0.028419
0.0277131
-0.0682103
0.0141406
0.0784199
0.0190114
-0.0527024
-0.0227822
-0.0431457
0.0297785
0.0368736
-0.0360685
0.00706176
-0.0672737
0.0810008
-0.0345626
-0.0278139
-0.0140213
-0.00164177
0.0323255
-0.0812743
0.00916566
-0.0596707
0.0651948
-0.083779
-0.0353521
-0.0514346
0.0651179
0.0738616
-0.015042
0.0240907
0.0708453
0.0448828
-0.00564526
0.034497
0.0196021
0.0425236
0.0109612
-0.00882672
-0.0550394
0.0143128
-0.0419451
-0.0342443
0.00273285
0.0234478
0.0423589
0.0584651
-0.0639543
0.0359924
-0.0583239
0.0483504
-0.0474844
0.0435499
0.0111407
-0.00129246
0.0233151
-0.038943
-0.00283734
-0.100563
-0.0465579
-0.0564518
0.000442696
0.0126777
0.0327777
0.023786
-0.00364704
-0.0065585
0.0183152
-0.00874438
0.00985697
-0.00603267
0.0441249
-0.00179988
-0.0115102
-0.035453
-0.0389023
0.017335
0.0256635
0.00234268
0.0140144
-0.00410696
0.00606746
0.0128237
0.000225932
0.046206
-0.0561197
0.035898
0.0131047
0.000492043
-0.0135397
-0.00615191
-0.0207273
-0.0176998
0.0473941
-0.102803
0.0315346
-0.0189333
-0.020729
-0.00630017
0.0319585
0.00413512
-0.037661
-0.00245461
0.02569
0.0572429
-0.00366392
0.0191112
0.0378556
0.0386967
0.00666606
-0.0420318
0.0145296
0.0335269
0.0164464
-0.0615474
-0.0232012
-0.00261419
0.0111603
-0.0253138
-0.0547752
0.0441606
-0.115061
0.0301581
-0.0495503
-0.0445904
-0.0115273
-0.00920121
-0.0014558
-0.0858888
0.0654152
-0.0724258
-0.0241153
-0.0781976
-0.0739358
-0.00715045
-0.00573477
0.0197804
-0.014225
0.0467381
0.0502163
0.0450787
5.28975e-05
-0.00240302
-0.0204094
-0.0194702
0.00155204
-0.0126261
0.00867411
0.0197339
0.0742827
0.0278844
-0.00967286
-0.0290555
-0.0234888
0.0195065
-0.0562719
0.0457574
-0.0772786
0.0335311
-0.0242804
-0.0467209
-0.0170259
-0.0341572
0.0197564
-0.0104908
-0.0343121
-0.120012
0.0228685
-0.00768804
-0.032677
-0.0277682
0.000594763
-0.0179046
-0.0020663
0.0419052
0.075159
0.0737012
0.0136697
0.00353579
0.00308227
-0.00164904
-0.0196232
-0.0488182
-0.0411827
-0.00637817
-0.0223903
-0.00915852
-0.0198316
-0.0148059
-0.00940451
0.018841
-0.00514742
0.0226124
-0.0730171
0.0643529
0.0270433
-0.00912966
-0.0301879
-0.0532376
-0.011224
-0.0745923
-0.00731219
-0.155673
-0.0270414
-0.0476997
-0.0439225
-0.065162
-0.00462051
0.031225
0.0100374
0.0428735
0.0672624
0.0752456
0.0386243
0.0311441
-0.00713608
-0.00479361
0.00152848
-0.00289957
-0.0421267
0.0221802
0.0126674
0.025662
0.0231746
0.000861223
-0.00696966
0.00691787
-0.0244824
0.0221645
-0.0915702
0.0640128
0.0137893
0.0030999
-0.0388111
-0.0079915
0.0326688
-0.00881637
-0.0565707
-0.0828085
0.0148376
0.0320464
0.0244505
-0.0034423
0.0284554
0.00409595
-0.00851797
-0.00381269
0.0430444
-0.0165518
0.0428531
0.0375071
0.0222872
-0.0236053
-0.0864795
-0.0508081
-0.0124667
0.042972
0.00806988
0.0167499
0.00305855
-0.0262985
0.0351341
0.0464585
-0.00414443
0.0180652
-0.0425287
0.0581895
0.0909292
0.0722933
0.0215625
0.00549772
-0.0472585
-0.00353544
0.0456433
-0.0479559
0.0395479
0.0300983
-0.0099325
0.00807296
0.0142244
-0.0719727
-0.0426884
0.027508
-0.00428588
0.0246149
-0.021715
-0.0477279
0.00736963
-0.00437596
-0.0215085
-0.00967802
0.0356072
-0.000492949
0.021493
-0.0158343
-0.056226
-0.0150746
0.0443902
-0.0262503
0.00792376
0.0623788
-0.105181
0.0496468
-0.0208874
-0.0454397
0.0488815
0.0445665
0.0553909
0.0490648
0.0551116
-0.132926
0.0614672
0.0210761
-0.0454178
0.0221329
-4.84493
